428

324. 1000001337. 10010 (au
380. Α.1 370. 732. Π 108. 037.
111 149. 17 111. V 61. 71 330.
711 244. 10010 (ludus) V 602.

man

Troiana 0000111130. 1001000
0000111 131.. Troiugena 111
gg} Troiugenas 7111 117. XII

Troius Aeneas I 090. 71403. Troilus (I'ror'anua) A. 1474.
711 221. XII 002. 001. 713. Tros G. 11130.

100100 Dares Α. V 417. Troius Tryphon. 1000100010 00071110.
exercitus XII 122, 100100 100000 10000 0001 1.

71401. VIII 030. X 084. 880.
10010 gaza l 119. 11 703. Troia
mater 738. 10010 pubes 7099.

, Vll 021. 10010 agmina V 804.

Troia arma 1 243. III 306. 090.
111779. Troia castra 111300.
1000 I 074. 71 02. 120. X 108.
111092. Troes 1 172. 232. 024.
747. 11 320. 711 21. 111 130168.
033. 683. 700. 811. 11 31. 890.
111020. XII 231. 281. 704730.
Troum IX 113. XI 161.x11 137,
'Inoas 130. 129. 7 200. X 89.
1111824. 001308. 1000 Aeneas
Α. 1111 723. 1000 Archimedes
112001000000701310010-
0 001280. 1001000711260. XII
303. 10010010 111421. 10010000
7088. 111128. Χ 77. 111826.
111180410010000010001007
707. Troianus dux1v124. 100.
1001000 hospes VIII 188. 1οο1-
000 vir X 098. XI 120. Troiano
Chaone 111330. 1001000 rege
XI 230. 1001000 sanguine 1 19.
000. 17 191. 711 318. 10010000
caestus 7420. 1001000 Fortuna
VI 02. 1001000 iuventus I 467.
099. 11 03. 17 102. 7111 182.
040. 1001000 manus XI 097.
1001000 0000011134. 10010000

10110 Α. 111006.

101100 Α. 71814. VIII 644.

100000 (11010100)Α.71100.413.
470. 077. 783. 7111 11114. 28.
47. 209. 462. 020. 030. 009.
073. 074. 740. 789. 797. 800.
1120. 403. 479. 490. 000. 032.
040. 647. 007. 077. XI 91. 441.
409. 480. 007. 910. XII 1. 164.
220. 324. 337. 303. 380. 383.
446. 002. 009. 026. 014. 031.
606. 089. 729. 742. 776. 927.
943. Turni 711344. 398. 600.
VIII 493. 11173. 108. 049. 093.
X 143. 101. 400. 463. 478. 001.
111 114. 217. 336. 370111140.
97. 138. 243, 469091760861.
860. 100οο711366, 371. 724.
7111 17.111 110. 126. 327. 307.
631. X 240. 276. 003. 029. 111
123. 371. 820. XII 9. 74. 183.
232. 368. 039. 070. 739. 913.
Turnum Vll 434, 7111 614. 111
3. 738. 1170. 307. -440, 471.
610. 024060. 111 110. 129.
178. 221. 896. XII 148. 317.
466. 007. 640. 002. 809. Turne
711421. 090. 7111 038. IX 0.
11 014. 111 170. 363. 002. 1111
32. 00. 62. 020. 603. 872. 889.
1000011440. 111223. 11111138.

84011371 767. 10010000 00010 10001 A} XI 029. Tuscorum XII

1624. 100100οι0 gentem 17420.
Troianam urbem lv 342. 7111
36. 10010000 00100 X 300. Troi-
anis matribus V 733. Troianas
opes 114. X 609. 10010000 ur·

001. 10001 00001011 199. 10-
soum Tiberim G. 1 493. Tusco
amni A. VIII 473. XI 316.
Tusco sanguine 11203. 100010
0010 X 164.

000 VH 364. Troianum agmen Tydeus A.V149. Tydides 1

V 602. 1001001 00001010 711
723. 1001000 agmina VII 144.

471. 11 164. 191. X 23. 111404.

’ 000. 00000100.

 

